region,2022/23 Male_S,2022/23 Female_S,2022/23 Total_S,Number_of_S_Schools
Tigray,0,0,0,0
Afar,18799,12867,31666,55
Amhara,446630,552138,998768,685
Oromia,709926,626050,1335976,1366
Somali,76312,56005,132317,179
Benishangul-Gumz,26076,23642,49718,92
SNNP,289288,274857,564145,613
South West Ethiopia,61967,63443,125410,265
Gambella,26888,16294,43182,32
Harari,7373,6221,13594,73
Addis Ababa,108402,137572,245974,235
Dire Dawa,13195,11182,24377,120
Sidama,104631,99429,204060,265
